runge kutta de orden superior
k1 = 0.8
m1 = -0.533333333
k2 = 0.586666666
m2 = 0.221294202
y1 = 2.693333333
y'1 = 1.843980435