runge kutta 3 orden
k1 = 0.25
k2 = 0.253086419
k3 = 0.257939981
y1 = 1.211723276