runge kutta 4 orden 3/8 de simpson 
k1 = -0.5
k2 = -0.483870959
k3 = -0.428066426
k4 = -0.343547869
y1 = 0.552579997