runge kutta 4 orden 1/3 de simpson 
k1 = 0.053333333
k2 = 0.096759689
K3 = 0.109031713
k4 = 0.2047895890
y1 = 0.511617621