runge kutta 2 orden 
k1 = -1
k2 = 0.303265329
y1 = 0.651632664